citiesNum: 30

cityNames: ['Dublin' 'Cork' 'Limerick' 'Galway' 'Waterford' 'Dundalk' 'Bray'
       'Drogheda' 'Swords' 'Tralee' 'Kilkenny' 'Ennis' 'Sligo' 'Athlone'
       'Wexford' 'Naas' 'Newbridge' 'Clonmel' 'Carlow' 'Navan'
       'Celbridge' 'Mullingar' 'Malahide' 'Leixlip' 'Greystones'
       'Letterkenny' 'Killarney' 'Tullamore' 'Maynooth' 'Port laoise']

VNUM: 4

VFIXEDCOST: [20000 40000 15000 6000]

VCAPACITY: [4000 3500 1000 500]

VVARIABLECOST: [10 6 5 3]

WAREHOUSENUM: 2

WAREHOUSECOST: 100000 

POP: [1027900
 195400
 85700
 68600
 48300
 34400
 32300
 28800
 24100
 21200
 20300
 20100
 19500
 18400
 18300
 18100
 17200
 17200
 17000
 16600
 15800
 14800
 14600
 14500
 13100
 12900
 12800
 11100
 11000
 10800]

DIST: 
[0 218 175 187 133 77 16 44 13 261 100 190 180 113 111 31 40 146 70 46 19 75 14 16 24 203 220 82 23 77
218 0 86 158 100 273 216 247 230 95 118 112 264 172 144 190 181 72 148 229 205 196 232 211 213 341 147 167 207 149
175 86 0 73 111 210 179 191 183 85 92 32 179 95 150 144 135 71 116 170 157 128 186 163 180 259 74 102 157 98
187 158 73 0 172 193 197 185 189 119 139 46 117 75 202 158 151 136 151 162 167 117 193 171 200 203 39 104 164 120
133 100 111 172 0 201 126 170 145 176 45 142 242 140 45 111 104 41 66 158 125 142 147 130 121 300 184 116 129 87
77 273 210 193 201 0 92 33 64 293 161 214 137 121 187 90 96 203 135 43 77 81 65 72 100 133 231 108 72 123
16 216 179 197 126 92 0 59 27 264 98 197 196 124 99 38 46 143 68 63 32 89 26 30 8 220 228 92 37 81
44 247 191 185 170 33 59 0 31 276 132 199 152 110 153 59 66 176 104 22 45 68 32 39 67 162 222 89 41 98
13 230 183 189 145 64 27 31 0 269 112 196 175 115 124 39 48 157 82 38 25 74 3 20 35 193 224 86 26 85
261 95 85 119 176 293 264 276 269 0 172 81 237 174 221 230 221 137 199 254 243 212 272 249 264 323 87 187 243 184
100 118 92 139 45 161 98 132 112 172 0 118 197 96 63 73 65 45 30 117 88 96 114 94 96 255 158 70 91 42
190 112 32 46 142 214 197 199 196 81 118 0 161 93 179 160 151 103 139 177 171 133 200 176 198 245 41 110 170 115
180 264 179 117 242 137 196 152 175 237 197 161 0 101 253 167 165 219 190 136 165 112 178 165 203 87 152 129 159 158
113 172 95 75 140 121 124 110 115 174 96 93 101 0 155 87 81 119 94 87 93 42 119 97 129 169 112 34 89 60
111 144 150 202 45 187 99 153 124 221 63 179 253 155 0 98 95 83 63 147 110 144 125 114 93 301 220 124 116 95
31 190 144 158 111 90 38 59 39 230 73 160 167 87 98 0 9 118 45 48 15 55 43 20 41 203 190 54 18 46
40 181 135 151 104 96 46 66 48 221 65 151 165 81 95 9 0 109 38 53 23 53 52 29 49 205 182 47 25 36
146 72 71 136 41 203 143 176 157 137 45 103 219 119 83 118 109 0 75 160 133 132 159 139 140 287 145 103 135 80
70 148 116 151 66 135 68 104 82 199 30 139 190 94 63 45 38 75 0 92 59 81 84 65 66 239 176 62 63 33
46 229 170 162 158 43 63 22 38 254 117 177 136 87 147 48 53 160 92 0 37 45 42 34 71 158 199 67 31 80
19 205 157 167 125 77 32 45 25 243 88 171 165 93 110 15 23 133 59 37 0 57 29 5 38 195 200 62 6 59
75 196 128 117 142 81 89 68 74 212 96 133 112 42 144 55 53 132 81 45 57 0 78 59 95 159 154 29 51 54
14 232 186 193 147 65 26 32 3 272 114 200 178 119 125 43 52 159 84 42 29 78 0 23 35 195 228 90 30 88
16 211 163 171 130 72 30 39 20 249 94 176 165 97 114 20 29 139 65 34 5 59 23 0 37 192 205 67 7 65
24 213 180 200 121 100 8 67 35 264 96 198 203 129 93 41 49 140 66 71 38 95 35 37 0 228 231 96 44 83
203 341 259 203 300 133 220 162 193 323 255 245 87 169 301 203 205 287 239 158 195 159 195 192 228 0 239 185 188 213
220 147 74 39 184 231 228 222 224 87 158 41 152 112 220 190 182 145 176 199 200 154 228 205 231 239 0 137 198 148
82 167 102 104 116 108 92 89 86 187 70 110 129 34 124 54 47 103 62 67 62 29 90 67 96 185 137 0 60 29
23 207 157 164 129 72 37 41 26 243 91 170 159 89 116 18 25 135 63 31 6 51 30 7 44 188 198 60 0 60
77 149 98 120 87 123 81 98 85 184 42 115 158 60 95 46 36 80 33 80 59 54 88 65 83 213 148 29 60 0];
