citiesNum: 20

VNUM: 4

WAREHOUSENUM: 2

POP: [1027900
 195400
 85700
 68600
 48300
 34400
 32300
 28800
 24100
 21200
 20300
 20100
 19500
 18400
 18300
 18100
 17200
 17200
 17000
 16600]

cityNames: [‘Dublin’ ‘Cork’ ‘Limerick’ ‘Galway’ ‘Waterford’ ‘Dundalk’ ‘Bray’
       ‘Drogheda’ ‘Swords’ ‘Tralee’ ‘Kilkenny’ ‘Ennis’ ‘Sligo’ ‘Athlone’
       ‘Wexford’ ‘Naas’ ‘Newbridge’ ‘Clonmel’ ‘Carlow’ ‘Navan’]

DIST: 
[0 218 175 187 133 77 16 44 13 261 100 190 180 113 111 31 40 146 70 46
218 0 86 158 100 273 216 247 230 95 118 112 264 172 144 190 181 72 148 229
175 86 0 73 111 210 179 191 183 85 92 32 179 95 150 144 135 71 116 170
187 158 73 0 172 193 197 185 189 119 139 46 117 75 202 158 151 136 151 162
133 100 111 172 0 201 126 170 145 176 45 142 242 140 45 111 104 41 66 158
77 273 210 193 201 0 92 33 64 293 161 214 137 121 187 90 96 203 135 43
16 216 179 197 126 92 0 59 27 264 98 197 196 124 99 38 46 143 68 63
44 247 191 185 170 33 59 0 31 276 132 199 152 110 153 59 66 176 104 22
13 230 183 189 145 64 27 31 0 269 112 196 175 115 124 39 48 157 82 38
261 95 85 119 176 293 264 276 269 0 172 81 237 174 221 230 221 137 199 254
100 118 92 139 45 161 98 132 112 172 0 118 197 96 63 73 65 45 30 117
190 112 32 46 142 214 197 199 196 81 118 0 161 93 179 160 151 103 139 177
180 264 179 117 242 137 196 152 175 237 197 161 0 101 253 167 165 219 190 136
113 172 95 75 140 121 124 110 115 174 96 93 101 0 155 87 81 119 94 87
111 144 150 202 45 187 99 153 124 221 63 179 253 155 0 98 95 83 63 147
31 190 144 158 111 90 38 59 39 230 73 160 167 87 98 0 9 118 45 48
40 181 135 151 104 96 46 66 48 221 65 151 165 81 95 9 0 109 38 53
146 72 71 136 41 203 143 176 157 137 45 103 219 119 83 118 109 0 75 160
70 148 116 151 66 135 68 104 82 199 30 139 190 94 63 45 38 75 0 92
46 229 170 162 158 43 63 22 38 254 117 177 136 87 147 48 53 160 92 0]

VFIXEDCOST: [20000 40000 15000 6000]

VVARIABLECOST: [10 6 5 3]

WAREHOUSECOST: 100000 

VCAPACITY: [4000 3500 1000 500];




